[Variables]
ercf_calib_0 = 1.0
ercf_calib_1 = 0.981691492122
ercf_calib_10 = 1.0
ercf_calib_11 = 1.0
ercf_calib_2 = 0.993200184878
ercf_calib_3 = 0.992037187003
ercf_calib_4 = 0.993200184878
ercf_calib_5 = 0.98397184402
ercf_calib_6 = 1.0
ercf_calib_7 = 1.0
ercf_calib_8 = 1.0
ercf_calib_9 = 1.0
ercf_calib_ref = 797.450653

