[Variables]
ercf_calib_0 = 1.0
ercf_calib_1 = 0.980790138656
ercf_calib_10 = 1.0
ercf_calib_11 = 1.0
ercf_calib_2 = 0.993883210895
ercf_calib_3 = 0.98432664156
ercf_calib_4 = 0.980790138656
ercf_calib_5 = 0.987888740383
ercf_calib_6 = 1.0
ercf_calib_7 = 1.0
ercf_calib_8 = 1.0
ercf_calib_9 = 1.0
ercf_calib_ref = 791.0767135

